	Endothelial	Epithelial	Fibroblasts	Immune	Muscle	Myofibroblast_Mesothelium	Neural	Pericytes
CTATCGGGTCTCAACA-1	0.15569361967616602	0.02855880287961263	0.3778233019667373	0.15318400777679103	0.023273969595836403	0.031590930455463156	0.140755196661464	0.08912017098792954
TCGAGACCAACACCGT-1	0.10822918933002891	0.03439192621391468	0.3226930644426313	0.07269535492267477	0.13111063675861073	0.04647492689808688	0.24755103074304274	0.03685387069100999
GATGCGTCCTGCATTC-1	0.05523324864199204	0.03434174006097793	0.3302625948917369	0.015564861554887973	0.2643205503056541	0.06710994881959782	0.17881122142804554	0.054355834297107705
GCATAGAGCACTCAGG-1	0.007204176393161908	0.03719846960518458	0.1724527242588505	0.05626934945310275	0.3078138050446495	0.07013927157086038	0.3337154963784763	0.01520670729571407
GCAGATTAGGGATATC-1	0.019067890292779565	0.054438044343449926	0.1780890121764765	0.0023783601503708863	0.1939734276618369	0.0871364102332975	0.45005211133366346	0.014864743808125365
CAATTTCGTATAAGGG-1	0.007261581722777364	0.0566675891848671	0.2604437425318696	0.0025613647719506675	0.15762281449698348	0.05050868036023116	0.45026702684073855	0.01466720009058203
CCAGCCTGGACCAATA-1	0.021438307655015927	0.03739690002733496	0.430677367312115	0.036591528716781625	0.14866295864384463	0.05233495057216653	0.1946842785723051	0.07821370850043631
ATGGAGCAGGCCGTGA-1	0.21651427536768406	0.0352805328234051	0.3782389599498388	0.22925064997158398	0.02070573284016073	0.03200964387190826	0.05705599410349261	0.03094421107192643
GTCATTAGAGCGAACG-1	0.04991152549372355	0.03693726310464226	0.50594964476528	0.13065098271370562	0.11500397600156771	0.04854643275126898	0.09864263846258242	0.014357536707229304
AAGACTGCAAGCTACT-1	0.349450554047713	0.023511238138051116	0.3160444689301167	0.04916768478527121	0.006625895085795051	0.02444383622064898	0.026318793484646753	0.2044375293077572
CTAGTCACGTCTTAAG-1	0.2011368349808637	0.026756686891482823	0.3326987726102466	0.1099258510653369	0.009501722577990188	0.02813427167619485	0.09035474634100041	0.20149111385688462
ACTCTTGTATAGTAAC-1	0.14609065328601667	0.025719022737773305	0.2966542005100755	0.14400691846331762	0.008512069887209737	0.02459125725826983	0.1795364726443429	0.1748894052129944
GAAGTGATTTATCGTG-1	0.007031101734961498	0.04447419152565946	0.2196167569341212	0.04300018715437687	0.22302387325443374	0.05967077599902617	0.38690869981672843	0.016274413580692686
CCACACTGAGATATTA-1	0.01349837260374881	0.037991989955138465	0.23677522315305655	0.001397297155471565	0.3426231538144997	0.10739319459949917	0.24409755464940408	0.01622321406918155
CGATCCGACCCAGTGC-1	0.047998379585531915	0.04130950786245513	0.35736489895042267	0.14411202514719515	0.18016787930847203	0.05729807622014159	0.15586857106428498	0.01588066186149656
CTGTACTTCTTAGCAT-1	0.023218631527801396	0.02801743235493066	0.6101709534555364	0.10300083453050794	0.09814134339002768	0.057889545449503504	0.06559659449801888	0.013964664793673648
ACTTATTAGGATCGGT-1	0.05271210096216607	0.04271851489342156	0.21664505326179107	0.03483691786221202	0.15634410078944277	0.06907981006098653	0.3915832896931544	0.036080212476825635
TAGTCCGCAGAGAATG-1	0.044108334309910395	0.032664271802681576	0.6914622297249423	0.062084846946263095	0.01126419378496605	0.05016539113862656	0.08897969308010713	0.019271039212502877
TTCACGAAAGGATCAC-1	0.04449135791157189	0.036639324376009086	0.259647444349544	0.0014594690107983014	0.32412534598834497	0.11348389141679431	0.2037066779657786	0.016446488981158757
TACATTTCTAACGTGC-1	0.3897254368721973	0.02230196521165585	0.4820596321881273	0.040261621968053656	0.006389974817853529	0.02701180602514108	0.01884500167389698	0.013404561243074277
ACCATATCCGCAATAA-1	0.05564980442853244	0.03621707208250379	0.43280119706261505	0.059971379076382385	0.23585237891448407	0.06559879639347346	0.09949227249076235	0.01441709955124653
CACTCAAGAGCTATGG-1	0.05926102546357427	0.02255575600374549	0.6030938988900509	0.039001367067874375	0.009877127746963848	0.15213843981273187	0.09734368318174333	0.01672870183331575
TGTACGAACAAATCCG-1	0.006591402088306044	0.03402106310137506	0.6065657114087045	0.08828550439721207	0.09941643676386899	0.050487155263459364	0.09650221123789991	0.018130515739173965
ATCATCCAATATTTGT-1	0.23067480289491357	0.03409409260466243	0.3763154371186029	0.15576210630809048	0.009854329485271823	0.13996666278681646	0.03779846909277713	0.015534099708865039
CGCTATTCTTAGGCTC-1	0.03734389052438684	0.028883759614116017	0.549416424184078	0.020450677784305385	0.15216483773325934	0.0660203929664247	0.1316152588235681	0.014104758369861465
TGGCAGCAGTAATAGT-1	0.3737869187549753	0.029194254162023082	0.39786395753900156	0.048869954650145354	0.0073289458278906145	0.028440628474249524	0.056387644769792584	0.05812769582192194
TCACGTGCCCGATTCA-1	0.006697120130830257	0.046465223735841985	0.26235333212194867	0.0019630756373737366	0.2465133070980167	0.1060339409487496	0.3130042462928892	0.016969754034349905
CATACGGCGTCTGGGC-1	0.22510460544023045	0.026200588855109036	0.6218328442169183	0.018397061885396852	0.03690062055272938	0.03675772692886491	0.018870687546278478	0.01593586457447267
CACATGATTCAGCAAC-1	0.007160114556776779	0.036066480270040384	0.21490660362020583	0.02372226194159276	0.45321822671247297	0.10968605528143129	0.14058753792212605	0.014652719695353927
GCTAGTAGAGCTTGTA-1	0.006303920876089845	0.041082909142741035	0.3633017931409943	0.01922606867793591	0.12828066762300055	0.08769519833302276	0.3010264047453259	0.053083037460889826
TGCTGTTGAAGAACTC-1	0.007289537997288029	0.054676723010636225	0.1985192844440751	0.0024781988305517047	0.2906625056559038	0.1123331158889162	0.3173237092152406	0.016716924957388305
CGGAGCATGGCGATCC-1	0.007596466269974189	0.04552486889921884	0.12483463079841804	0.0018820562109647452	0.49519349686627756	0.12028056889649448	0.18917432668549006	0.015513585373162133
TAGCGTTGGGTCTTAC-1	0.06126855723549333	0.045624726283698444	0.3910942188698974	0.027538527948345125	0.18567722937320374	0.06095836289241453	0.20912626807544143	0.018712109321506052
GTAGCGGCTATACACT-1	0.016563202439210115	0.05773120261059642	0.19778628681615684	0.0026056670413076655	0.0986902239898903	0.0405661404568744	0.5708042638142626	0.01525301283170159
TAACATACAATGTGGG-1	0.16850324455007817	0.03667919687377653	0.3493984620805827	0.20378131247461076	0.07753235338400111	0.04146286936355541	0.10898142280771603	0.013661138465679306
TCTTCGAATAGACGTT-1	0.15027620846968792	0.03418734430478304	0.42112710340427184	0.06752839587175359	0.07877978636879643	0.040864104031141615	0.13162620835489452	0.07561084919467106
TCCTAGCAAAGAAGCT-1	0.03471977030498742	0.03933972440340978	0.27764456555902933	0.0016387394068904282	0.25177093866820693	0.07376386223414237	0.3055805626120036	0.015541836811330008
GATGTTCAATCCACGA-1	0.12250207812716205	0.03228119529141917	0.5158147088784693	0.03171575380444106	0.07248753685379743	0.04091847109172065	0.13309907157159143	0.051181184381398945
AGTTAAACACTTGCGA-1	0.007689674961419758	0.0511018590415736	0.12409517817623167	0.028915571723173966	0.2595074786448243	0.06286219776721409	0.4510577743834236	0.014770265302139074
AGCTCTTTACTCAGTT-1	0.16110762855804153	0.0232665395845263	0.5576866993002412	0.0011857274945444255	0.0182114740021655	0.1815549194069382	0.04278267790057114	0.014204333752971733
ATCCAGGATTCGTGAA-1	0.05385502256974101	0.030562974980150336	0.4932746597840389	0.0008081807867978946	0.13957879966600786	0.10078706263663256	0.16589785969756793	0.015235439879063516
AGTCAACACCACCATC-1	0.20076933172438538	0.03351347198082385	0.39444744006490984	0.11081360596539397	0.010327687666004125	0.22149762058271272	0.014106812399830694	0.014524029615939436
CGATACCTCGCGGACA-1	0.15459647581932023	0.025723152777539542	0.5966342057313957	0.05274642116864184	0.0445216133199385	0.03757479856159238	0.07392650587273078	0.014276826748841061
TACAACGCACAACTCA-1	0.2879687465596749	0.02550958207273737	0.24992113536569865	0.060238126415779386	0.008939642930720434	0.35100875232317474	0.00301387408193115	0.013400140250283427
AATTAAAGGTCGGCGT-1	0.1995392178085188	0.0279733766977304	0.6098741724964375	0.02855452628079108	0.009082499954178057	0.10508731029366863	0.003855748249933404	0.016033148218742178
TACGCAGTTCTTTCCT-1	0.23326205802665329	0.05735949733496932	0.3366732044786427	0.08930440708556613	0.009841629177858168	0.25503517122400354	0.0036993624065595875	0.014824670265747252
GACCGTGCTGACGGTG-1	0.20530083301539448	0.02207268518543811	0.44499791724549237	0.04946637883256539	0.009943804272778752	0.24860046160046556	0.0028630567260291267	0.016754863121836282
GGCAAATTACTTTACT-1	0.15081747100949308	0.13117228522881547	0.3142364482065278	0.032143796566521415	0.00958371023706308	0.2766443359686875	0.011940193099616385	0.07346175968327526
GGTACAAACATGCTAT-1	0.3140585278457861	0.03194106392861292	0.24697347549174667	0.0014655481211389367	0.007657078851300054	0.23098169326784437	0.036485550517821375	0.1304370619757495
CGGGCCTTCTTTGTAA-1	0.07089523438997195	0.2624955141949429	0.2087665007256617	0.060500536773064564	0.010074622302496871	0.36968663186126044	0.006806604417199446	0.010774355335402188
CGTGAAGTTAATTCAC-1	0.10037270525705543	0.02675924299947177	0.49846608405763226	0.045598474439110574	0.01152534858568086	0.26882397436674343	0.029963161021993825	0.018491009272311773
ATAGTGAAGCGTTCTC-1	0.07127188008741515	0.1402106992108439	0.33637391426223895	0.08853288359353391	0.010650888332916619	0.29439421729093707	0.010778918644299185	0.047786598577815184
TACGCCATATTCTAAT-1	0.08184557357332785	0.09599191933133519	0.46069125084848445	0.04171307694608529	0.008860343674770215	0.2491465859263772	0.04250562788841608	0.019245621811203723
GCCGGGTTAGGGTCGC-1	0.10491643827547471	0.38107097215738733	0.1840705703360983	0.001530052439288752	0.008208703507807686	0.28489970102179074	0.025348096785480324	0.009955465476671962
TACATAGGCATACACC-1	0.014086607466315387	0.03439942476655008	0.4119216455532685	0.05195184851421547	0.011357195554077257	0.34830821749598506	0.1070333776394019	0.020941683010186517
GCCGATTGGCCAAGCT-1	0.20546209265527982	0.04940934446353611	0.31626303853383936	0.05414964850438986	0.012892818282518927	0.3288080286789698	0.0030638940360293164	0.029951134845436916
CTGCCATGCATCACAT-1	0.13157356782471719	0.031210848539678017	0.5319380631912767	0.03530382174223091	0.011641563681017332	0.15537803267417868	0.08144301119071642	0.02151109115618489
TTATGAATGAAAGGGA-1	0.25635070043061126	0.038669060466597266	0.3171852063269327	0.03150500161709845	0.02336680098594324	0.1817517392218343	0.1391941713479522	0.011977319603030577
GCTGAGGCGTGAGTAT-1	0.23177643974136414	0.03242593864495478	0.4866994836642312	0.14392216114135895	0.010041917880576307	0.0585900502263317	0.02123462324738697	0.015309385453795999
GCGCCGTTCCACGATA-1	0.15701727372716356	0.04037724568292672	0.42097379389570594	0.009779909701700423	0.04865523620007816	0.23717137458226673	0.07025295629193234	0.015772209918226254
CGCATGGTGCGATGCT-1	0.005356548634875719	0.029945528623615766	0.6140508401886798	0.10198660464421601	0.0719797830890347	0.045301887916578173	0.11331439582060696	0.018064411082392845
AGGTTTCACACACCTT-1	0.0076863481094801905	0.03292140333920314	0.6921999487802678	0.04569922008207922	0.08569154213139063	0.05232844411805217	0.06293582096497542	0.02053727247455143
CAAGGATCGCATGTTC-1	0.0072987149401130425	0.04538992493305856	0.15120827376512053	0.0018849106848468238	0.37185290474279414	0.08053587620790394	0.30858473655293517	0.033244658173227914
ACGTTAATGTCGAAGA-1	0.00880123773285477	0.045144450258794794	0.13912296780738212	0.018998688000688168	0.36576354805802497	0.07870262672081135	0.32863088528907514	0.014835596132368697
TCCAGAGCACCGGTTC-1	0.21538715332066313	0.0325122001256179	0.33565463100375303	0.10044755852444864	0.1393757867069422	0.10741126092247316	0.05462307983852851	0.014588329557573346
GATTCGACGGTTCACG-1	0.12880316433997155	0.03468674044006154	0.32650413842613807	0.30878223160447327	0.06185799088841328	0.03816054970178405	0.08680660856448538	0.014398576034672936
GTTTCTGCAGTCTCCC-1	0.050519390961368524	0.03698084041447158	0.47687813101084214	0.11962616759535338	0.010301956761091986	0.03847919426351331	0.09015912910240555	0.17705518989095356
GCTGCACGGTTTCTTA-1	0.1414927772430536	0.024119818643506114	0.506362205832068	0.15436020364487696	0.009490311581267228	0.030691678646281265	0.034618311327993236	0.0988646930809535
GTGTTACTATGCGTCC-1	0.14216887705106743	0.033600001152029116	0.41748949335309626	0.15721661875528095	0.06408841201653113	0.04071638795249836	0.12813123902481288	0.01658897069468392
CTCCGCCCACATGAGG-1	0.05417576208364155	0.04256838124838895	0.27234431145435734	0.09202900509230413	0.23518775887869206	0.07805140150664716	0.20990122646062084	0.015742153275347972
GTTGAACCGGTTCCAT-1	0.007762332007673965	0.05616986147492692	0.1261068849855038	0.013903072252018773	0.26419420666301974	0.06448387226520508	0.4522437048432128	0.01513606550843888
TTGACTACCATATGGT-1	0.19118533430370696	0.028930506837886213	0.49327410644171393	0.11745608334019376	0.00942807610163759	0.08519053612777551	0.03323093858333404	0.0413044182637519
ACCATCGTATATGGTA-1	0.24544219040064247	0.02862487630021522	0.5000314089469505	0.0224939320837138	0.00794464165548217	0.03141864587735191	0.0813998495947075	0.08264445514093634
TGCGTAAGAACCTGAT-1	0.33353066360428607	0.038200150889008994	0.3202156198734311	0.04770127093554838	0.008222635303448404	0.22974988103621513	0.008860566108572892	0.013519212249488925
AGAAGGTTGCCGAATT-1	0.27644983039575177	0.0226264803020343	0.3785932122256449	0.001577391104657721	0.007777683427056231	0.24479358749439672	0.01013381485592852	0.05804800019452982
AGGACGACCCATTAGA-1	0.12383775180892594	0.03601312815176333	0.19782017290673412	0.23197059157655694	0.012581162756368214	0.36213171792509347	0.021013569812340236	0.01463190506221764
GGTGCTGGTACACATT-1	0.03092132471089164	0.03629713531730485	0.29132935196461196	0.04097477934144337	0.012193658452661486	0.5185505440674453	0.05422822239584994	0.015504983749791586
GCGCTATGCCGAGGCA-1	0.016366320335886555	0.3860478388745371	0.2916288617755044	0.04293111067293362	0.010237678329620272	0.20755449659988318	0.031304244924106384	0.013929448487528525
ACCCGGTTACACTTCC-1	0.0109868083629147	0.1009765941250472	0.3401423449781907	0.0409974629686621	0.03636779940670387	0.4433122079730227	0.010727325243185256	0.016489456942273474
TAACTCATCCGCGCGG-1	0.028036615945352977	0.4102101232568302	0.1933914333992461	0.0011518613730009191	0.008938168313879986	0.34031165404530195	0.008780447506151695	0.009179696160236032
CACAATGAGCTGCTAT-1	0.009822180730984124	0.4341981091611948	0.34603762900504786	0.0011832732742972653	0.00895868042032716	0.1794274944910191	0.009327641784586683	0.01104499113254297
GTTACTTTGGGCCTAG-1	0.0519593770462535	0.458244232569397	0.18455042379803355	0.001431598336502837	0.008359107535307912	0.2772176833462763	0.00958866740929151	0.008648909958937377
GGGCCCGTCTTAAACA-1	0.07291661109255045	0.5501438399496599	0.1820260273362669	0.010037295379577276	0.007404756277856152	0.15756950393669697	0.012342216692219483	0.0075597493351727725
GAAATTGTCTCTATAA-1	0.010570243042466137	0.5438377814547883	0.2706327711138873	0.0013470168275052717	0.03679064522065314	0.11642981617701226	0.009662417686703121	0.010729308476984384
GGCGCATGAATTGATG-1	0.19104540987088212	0.2806777348797112	0.17619593904045738	0.013732765272783262	0.0090935731466373	0.31273894275969766	0.006823117866045088	0.009692517163786102
CATATAGGTACAGTCA-1	0.053920725467271315	0.5687473045704214	0.2558969746908972	0.00214572986116256	0.01163801687556664	0.03438297513482885	0.035996663313866625	0.03727161008598533
TCAACGAGGAGACAAA-1	0.08295669665725013	0.5617093933334234	0.18277185597502565	0.0015488933005926666	0.02643244484248727	0.12592206243716195	0.011705482018865704	0.006953171435193239
TTGCACAATTCAGAAA-1	0.06067950716513804	0.5491006944579776	0.15421786684652328	0.0011026931331896115	0.006168918971177704	0.2043116050686957	0.015522102749561832	0.008896611607736271
CATCGGACGGGTTAAT-1	0.02502378972015232	0.5365355827943967	0.1651824045303675	0.0015210454635885837	0.008000892871508805	0.2437513657188674	0.012431658563925809	0.007553260337192721
ATTAAACATGCGGACC-1	0.09343774460090637	0.432607101715264	0.18841650515167072	0.05144558042588433	0.00793732648130865	0.19243710329436267	0.006682448099697698	0.02703619023090546
TATCTACCACAGCGGG-1	0.15853991075622278	0.2828352175914435	0.2339825350381945	0.0015930377030213335	0.008126573771735968	0.2969742980446785	0.006919333773495348	0.011029093321208055
CGAGACCCTAGAGTGT-1	0.07248906509534771	0.5689198480651888	0.22203464297266257	0.04019234586222719	0.0073989712697556725	0.07572891873709367	0.007523468172505738	0.005712739825218417
ACATCGATCGTTTACC-1	0.03326474505041311	0.21151947493908724	0.31481757730284177	0.0007888589995824132	0.00908792318315559	0.41433201115912005	0.005455275364040131	0.010734134001759557
ATCGACCCAATACAGA-1	0.06856990015187685	0.3134329547031755	0.1954045728901751	0.013412162405456039	0.009221647557116828	0.37895546047874884	0.009642053681287689	0.011361248132163161
GAATCTGAACATTCTC-1	0.1298725910356488	0.07150673562051647	0.5067218211772762	0.030692131534773986	0.010882701475034319	0.21613908331795853	0.015800464294159967	0.018384471544631818
AGTTCCTATTTATGTT-1	0.16639140263871122	0.02611153410176774	0.38606042334520324	0.05068085005764966	0.009796362035017894	0.3112808125074403	0.021988045469140946	0.02769056984506904
CAGTCTGTATACTGGG-1	0.36356084007603273	0.03367742389967318	0.44587106903307755	0.043286327286319516	0.008522354720983885	0.05737982692796659	0.004518277412004158	0.043183880643942504
GGAGACGACACCTTTG-1	0.06619967713870435	0.0411486499230963	0.6823092688851984	0.06710206589974574	0.012308884410625054	0.042774615807219994	0.04289110694044043	0.04526573099496976
CCTAAATTAACGGTTC-1	0.08501999770683322	0.04019814967077685	0.472482020189097	0.01783695703138405	0.055451152794440885	0.04375673310113524	0.1896207179996445	0.09563427150668817
GCTACGACTTATTGGG-1	0.03470903641730988	0.0501202726808593	0.2692284439114	0.016587850980351405	0.2016454910864103	0.12605175806462246	0.28480399476683915	0.0168531520922075
CTGTGCAGGGTAGGTC-1	0.008950936565384102	0.04514771409459951	0.3061566261267337	0.04813940613338764	0.2760024490056038	0.11724348539545888	0.18154335121247697	0.016816031466355418
ACGCCGCTAGACGACC-1	0.11924448771917347	0.02988766055389141	0.2911828167824483	0.19012295362916032	0.16785086029710317	0.05148095736305202	0.09212159710854942	0.058108666546621994
ACTTGACTCCCTCTTT-1	0.2177400701951572	0.027442190199494402	0.4446540834045662	0.21103270154276443	0.018101599316392214	0.06119470255442024	0.003879311119070766	0.015955341668134428
CGCCTCCCTCCTCTAT-1	0.12449026565103963	0.024061311573046733	0.5864937015964689	0.0402819229510857	0.04336051453173204	0.04588619177594778	0.031917947096003554	0.10350814482467582
TTGAGAGTACTGCTAA-1	0.029486329671363734	0.04643034615361569	0.2307197766933695	0.04492828436156435	0.232947534140735	0.0791638706958333	0.319982358172196	0.016341500111322533
GCCACAATTTAAGGAC-1	0.18080189491151474	0.03914620064047754	0.3979349639129068	0.06525341812512683	0.0779573558579828	0.04414755549719594	0.08901362740767169	0.10574498364712358
ATATTCAGTTAAACCT-1	0.2783215040256219	0.026809342316138744	0.395028365774573	0.06620669966151832	0.08346243747541499	0.04007495784705483	0.036586794246539704	0.07350989865313841
TGAGTGCCTCTTAAAT-1	0.13142803493566504	0.22150131105452645	0.3468204952920835	0.05205081482565505	0.008387063375481505	0.21212304353213837	0.014360848169357725	0.013328388815092495
ATCAGACGGCACGCCG-1	0.041385597802522024	0.027645536422438086	0.37319466215615604	0.13125343657221195	0.012947580434002032	0.3936532556369272	0.0027729371430891803	0.01714699383265359
GTGCGAAATCGAACAC-1	0.12424341383218952	0.03876728878794017	0.19512493803172506	0.13966422474301918	0.011798371191111249	0.46484209478672545	0.010495505327925475	0.015064163299363909
GTGCCGCTTCAAAGGT-1	0.0139014176472628	0.041689539515090634	0.3000712251457928	0.08083810546165132	0.012802727398315717	0.5180234823095098	0.014532301240697928	0.018141201281679106
GATACGATGGGAGTCA-1	0.025979973661762207	0.30726694290959955	0.24442263140367856	0.018238104749242142	0.0099269844605036	0.3733436275904394	0.0105709866332147	0.010250748591559986
GACACTGAGTTCAGTG-1	0.10172659546097618	0.3687010913589695	0.17775312889894884	0.0014956226110955895	0.008359980015355586	0.3244322310182854	0.008106086556962353	0.009425264079406574
ATCCTGCGTGGAATGG-1	0.011731712331272393	0.5395160660966374	0.18467183628512748	0.0014474391066406581	0.048546270557347684	0.19484086306167592	0.011203099500848926	0.008042713060449555
ATCCTACCTAAGCTCT-1	0.025615441984276163	0.6448531381124817	0.21032599033964597	0.006986885561944852	0.007388927589618698	0.05664707660539856	0.03296594938823507	0.015216590418398944
AGTGATATGAGTAGTT-1	0.02921007635237918	0.5306885003946704	0.25237000343216953	0.06172121277049815	0.009149055732256828	0.09248527378833771	0.010620212416310235	0.013755665113378028
ATGATGCAATGGTACA-1	0.013020258156128192	0.7053409702179718	0.2362819515749762	0.001677191254146822	0.006592046283593068	0.018128249803754826	0.013336458766174989	0.005622873943254039
GAAACCGAATTACCTT-1	0.05142708277963068	0.44955467520544135	0.21638327101287463	0.03810832318929253	0.009048580863348733	0.18967146167304652	0.018699829813046014	0.027106775463319514
AGTGACCTACTTTACG-1	0.009243733099429467	0.38006870320008224	0.3232082996630128	0.000989823743001016	0.03680481348851155	0.17185050026991724	0.06888085019690941	0.008953276339136326
CAAATGTCCTTCCGTG-1	0.06402159293746122	0.49841447587165444	0.13484413004067866	0.022979954805537103	0.03341705633140112	0.20474171121043483	0.03448954689077875	0.007091531912053791
TTACTGGGATATTTCA-1	0.010923636969968164	0.5345234717792986	0.317631295519903	0.04074153682016375	0.009705399466808639	0.053160774324300164	0.008811449816125765	0.0245024353034319
CTTGCCCAGGCTCTAC-1	0.09058356367811071	0.4743332071778305	0.11911767816524559	0.08831430638108753	0.007298548112395464	0.18367592589955023	0.004830597435638731	0.03184617315014122
AAATCGTGTACCACAA-1	0.09710717042787094	0.6227723531435454	0.10685286040832565	0.038910732963699596	0.00430402275585258	0.09961575146154861	0.025360882606515433	0.005076226232641773
GTGATCATAGATCTGC-1	0.08827242734595526	0.5065849288094054	0.13749325000498286	0.0010920826036600617	0.005947803194682109	0.24946609921189106	0.004534943562851352	0.006608465266571844
TGGCAGATTACGATCA-1	0.15863221449942638	0.29289052583376507	0.1704549796849733	0.08919373037175812	0.010321329652569784	0.2649484077852456	0.004903900307389606	0.0086549118648721
TCACCCTCTTAAGATT-1	0.09153669791842818	0.3538232184084454	0.1937810411189732	0.04271900428271506	0.04651165025560262	0.257388717732891	0.004797171316191935	0.009442498966752578
CAGGATATATCGTTGT-1	0.12434394199847341	0.2113420874981209	0.3595325793873146	0.07459133145668279	0.013368461023939415	0.042897550855813225	0.02771207796475102	0.1462119698149046
CCTGACCACCGATGGT-1	0.09306114483680906	0.36225694947015996	0.1979212444933064	0.047045792394034475	0.008709632881219847	0.2740411425563608	0.006844018445538095	0.010120074922571385
CTAAAGGGAAATAGGA-1	0.092805562769299	0.2810812247290947	0.2216990341503493	0.07159199899259926	0.00913883924921774	0.16778679617298273	0.14265637974192039	0.01324016419453674
CCGCTATCAGCACCAG-1	0.1480277535579112	0.243241788813767	0.28784705069456845	0.005309474285873482	0.008467603281743032	0.2900212561243925	0.006489361058205505	0.010595712183538771
CTTTAGTGCTATTATT-1	0.05034496297860035	0.21843581218831132	0.2081596208871056	0.05079732850557877	0.009637846503047826	0.37208044221049275	0.07980382314272912	0.01074016358413427
CGGGAATTTATGTAAA-1	0.11918608967494557	0.03582698762451282	0.3777511137601925	0.1183707164624517	0.011450951275607805	0.31759166002820466	0.004912805466975246	0.014909675707109622
TACGACTGCCTCTTAG-1	0.06091345786432873	0.0685289595657016	0.6733212837233269	0.0005183204128528434	0.009629354888348722	0.15638872341889073	0.01448173792146227	0.016218162205088142
AAACTGCTGGCTCCAA-1	0.12354869300760273	0.045844829537461426	0.6224628326293051	0.06627978999715105	0.030614966846560135	0.08861419415623821	0.004966638500677072	0.017668055325004255
GTACGTTTGCCCGTCA-1	0.007115907629186266	0.027152327144233844	0.673048394031035	0.016947735922159018	0.0378364462400881	0.1066059254146236	0.11345244580086059	0.01784081781781347
GGCAAGGCGAAATAGC-1	0.007168278500758511	0.04259065556470163	0.24181032907202485	0.06032067754974289	0.30423387490462694	0.0940611065388729	0.2338894932552592	0.015925584614013017
GATCTTGGAGGGCATA-1	0.00682537553389457	0.04944843312390346	0.29126247761661933	0.01736503723830324	0.16505443571989117	0.05253442570211416	0.40140922126264866	0.016100593802625407
AGCGTGGTATTCTACT-1	0.20423400890612192	0.03754074480030431	0.45671206699822486	0.07610197899574532	0.09559200475124449	0.04394614346325404	0.060904364926425286	0.024968687158679673
CTAAGGGAATGATTGG-1	0.30520698805326807	0.02606568179495862	0.3863616294589614	0.10790324549174138	0.04994034465797023	0.0324538544922282	0.07831086683781838	0.0137573892130539
ATCACGTGCTAATTAA-1	0.07381866286152228	0.4103134801598149	0.18021608748318954	0.0016213193468498212	0.11814152950224896	0.04876848378650417	0.11576373673151932	0.05135670012835093
GGTGAAGTACAGGGAT-1	0.007802124006913712	0.3131350339965498	0.39036078761791854	0.0014700880175773957	0.14272941243847978	0.04798280482260722	0.08248407744556555	0.014035671654387964
GCTGTATTACTGGCCC-1	0.006693350158983848	0.045664462693090206	0.3207962643244347	0.027288638489422572	0.26460457084592903	0.06923818728865852	0.2485174080101033	0.017197118189377854
AACGGCCATCTCCGGT-1	0.10358147532631203	0.04568266439525464	0.30715462889318884	0.0905219072452916	0.20546056636117213	0.06030916776769646	0.17223215851881069	0.01505743149227363
TAAGTAACATCTTGAC-1	0.3535007917937529	0.0323030073719931	0.2981839849089539	0.07448517900014326	0.007409238845336074	0.1184438290983546	0.021559508078996873	0.09411446090246928
TTCTTGAGCCGCGCTA-1	0.3130416748209704	0.037253210019903664	0.402956353229567	0.03159080845094651	0.007209606802225421	0.12085349855138391	0.07327604008621925	0.013818808038783879
AGTGCGTAGCTCGTAA-1	0.20414993646121007	0.037778722168330524	0.2660088964379846	0.06134930107943026	0.009717576457654541	0.38131062602498556	0.00749430248823414	0.032190638882170344
GGGATGGTCGTAACCG-1	0.1775107254444199	0.11153035835215985	0.20672640131707162	0.020943293698085164	0.008885369883743518	0.459261975129339	0.0033018033302722664	0.0118400728449088
GTCTGGGCGGTCGAGA-1	0.11517968962044615	0.16154100405855432	0.19705132222031277	0.08041567500818195	0.010366385855881715	0.38407538438656985	0.037557133558693265	0.013813405291359973
CGGAACGTAAACATAG-1	0.010734222235340455	0.43014713322528764	0.29155240340816607	0.0012031919684081654	0.009559470342144707	0.21996544894711	0.00952553168823787	0.02731259818530515
TGCGACACCCTAGTGC-1	0.011837183784179606	0.5009634754998539	0.33029793912281014	0.001350889610313937	0.008909500559906691	0.026645245524377387	0.01106415854941836	0.10893160734914005
CAAACGAGTATCGCAG-1	0.026189237621570244	0.573755811555562	0.17357367818390873	0.11018448917091186	0.008941031159527076	0.0880978551399935	0.01186783266137945	0.007390064507147101
TCAGTAGGGACTATAA-1	0.01092596648809588	0.5335022125993019	0.18056662995238698	0.0013196868808470106	0.008075044024004122	0.24796045294359592	0.009802977591677963	0.007847029520090344
GCGGTTCCCTATCATG-1	0.011218017409437722	0.5789989686845646	0.22559047365817236	0.001166456224152696	0.07100939000976773	0.032055236833068095	0.01122752331294544	0.06873393386789145
GTGACTTCAGTAGTGC-1	0.016824292341211702	0.7961186511529186	0.13274690412180787	0.0014925988096954573	0.004808101110759659	0.0207511497024209	0.01884094972271342	0.008417353038472264
CGTCACGTCCATTGGT-1	0.03556199010365238	0.7031406530535163	0.18219047995396329	0.0013358343333213828	0.004761819761565705	0.06172249837412446	0.005354114688423489	0.005932609731433008
ATAAGTTACCGCGACG-1	0.09041713838496021	0.5684501572696492	0.14241610706598068	0.04076914063976262	0.008281394980527176	0.12236647721849556	0.02010210175518359	0.007197482685440992
CTGAATCCGAGACCTC-1	0.05943295905209663	0.5687097002926015	0.19915675622568646	0.001319413277155701	0.04508995842622801	0.059736182484972124	0.005583446724199626	0.060971583517060036
TACGACGCTTGCTGCG-1	0.026664664461250116	0.818792635891779	0.06714248912996194	0.017627783769250685	0.0033243238178846685	0.05970229739026921	0.003833644777527931	0.0029121607620763907
GAATTCACCCGGGTGT-1	0.07102598639073854	0.5268063431542176	0.15895195907205792	0.0513087833700801	0.006521141875816791	0.17244991267883614	0.006220223575155472	0.006715649883097435
GGGTGACACCTTAACT-1	0.045069540921296856	0.5256339232126636	0.22403984356682116	0.01904052970292673	0.007669769721716297	0.15341997676955665	0.010678729987578862	0.014447686117439792
TGAGTAAATTAGCGTA-1	0.07018406973446573	0.5187010267608058	0.1460747298588437	0.03893558536354182	0.00805434911804273	0.20115158478561196	0.010079250950725784	0.006819403427962599
GAGTCCGCTTACCGGA-1	0.11197521606256272	0.4981433393882187	0.1313872780568221	0.06025362342969589	0.0085934677785225	0.15541696879125158	0.02683544332687168	0.007394663166054825
GGCGCGTTCGAGTTTA-1	0.1600366231206547	0.5490454168129494	0.07888370607953098	0.05497616647017717	0.004975006247677504	0.14175565366910176	0.0029954916652843735	0.0073319359346241016
ATTCATATACTGTCCA-1	0.16176110085735387	0.2942677979798151	0.20962967440855648	0.03147923151898875	0.006773851160390084	0.16781537549996695	0.06204146396330401	0.06623150461162465
ATAAACGGACCCGTAA-1	0.15946675816638148	0.17420278992023824	0.3035138030263146	0.10419972454017729	0.010503259339024181	0.22882488703459206	0.0061960889974149525	0.013092688975857348
GTCGTACCATCTCGGG-1	0.2947173342202074	0.23514944046503383	0.1206985444150876	0.03184201819916516	0.0066558147084429	0.2975672783430877	0.0037640675326601103	0.009605502116315284
ATAATAGCTGTTGAAT-1	0.0749061325219789	0.19234325714560263	0.20785545295521488	0.07304827929918328	0.012487341501170778	0.40829275200893	0.004715497067587494	0.026351287500332124
TTCCGCGTGAGGCGAT-1	0.30873689122863957	0.048147874942034846	0.22877407625656618	0.030310993888893523	0.008532069772348714	0.34830072334898676	0.01291770704997755	0.014279663512552812
TACCGGCTCACTGCCC-1	0.21770873865324364	0.04007565358257599	0.27140809449986003	0.11346053569257654	0.009694667743235548	0.33233433594751893	0.0043768145929905305	0.010941159287998829
GTATCTTTCATAACCA-1	0.011235948601472008	0.036224907523213654	0.5535998834034136	0.04045090560068954	0.02008334288161489	0.30952030026140176	0.012247975769706905	0.016636735958487723
GTTACCTACAACTTGC-1	0.09871695577129136	0.04862012197842633	0.3933162697554669	0.0467755516086257	0.04993232322792034	0.27412763557405984	0.07686463349936626	0.011646508584843257
TGACTATAATCCTTTC-1	0.08587248897255549	0.05096664346355003	0.5010500945568269	0.06171073671181296	0.039946488485919036	0.058708612303778655	0.1832817635241296	0.01846317198142739
AAATACCTATAAGCAT-1	0.03266147809929589	0.04707906485823186	0.19801904354026692	0.043560369951586624	0.22220828054160247	0.14834872105195412	0.29256669282005004	0.01555634913701195
TTATTAGAGCGTGTTC-1	0.034633326308583255	0.04027923873100193	0.29914872934709225	0.054144107786642644	0.2203737432257925	0.08275377175714403	0.2527083208857249	0.015958761958018357
ATGTGGACATCTTGAT-1	0.2026116116245022	0.031151935509585137	0.5011030399031872	0.021720499007960675	0.04700183510787108	0.03799560055228891	0.1426244418539772	0.015791036440627414
GTACGCTTCATTGCAC-1	0.12419571337447223	0.023427848889290847	0.6029850802866084	0.1250570374679089	0.011810108820006073	0.0701628790235211	0.003305454015249532	0.039055878122942964
CACATATTAGCAGGAT-1	0.12606426802190893	0.032572219367797806	0.5378124101508638	0.08714631809160615	0.023025319308599478	0.08325757953573741	0.004074649507879296	0.10604723601560713
CAAGAGGGCGGAGTAC-1	0.2784598528835206	0.03126352455536477	0.5145375279421686	0.07575430241206724	0.007222925236904325	0.031111788595020763	0.018466029175797604	0.04318404919915628
TCGCAAAGATGCATTT-1	0.2571485868066138	0.02999919577358878	0.46192306366152697	0.019414658896433186	0.05305796437496523	0.03659702186158129	0.03586372097829389	0.1059957876469968
GTCGTTATTCGCTTAT-1	0.1870782751889751	0.025452039357433474	0.5668857813967677	0.07661442768650285	0.03238117039563273	0.048977646317352394	0.023176411985730415	0.03943424767160522
CGGTGCGCGTTGGTCC-1	0.11246429483393923	0.03494232248029855	0.2432628795787269	0.012548426871079288	0.330086962272441	0.10203099220074226	0.13433929260754002	0.03032482915523285
GTGATTCGCCGCTCAA-1	0.01266658786688	0.042137042191223904	0.6504897628423482	0.1125990002633394	0.022809534313923425	0.07796701866410656	0.06416172759801143	0.017169326260167095
GCCCGCGCGTAAACGG-1	0.16031472385818343	0.02506357730307277	0.5032094478977073	0.15590431081475897	0.009912055396197236	0.06922635576067769	0.06127950261256392	0.015090026356838787
AACGTACTGTGGGTAC-1	0.26097766105740544	0.023855505795652085	0.30426621354473266	0.009335801705693883	0.008916519812246646	0.3297449310289398	0.005857799836628722	0.057045567218700716
GAGTATGCCCGCCTTG-1	0.2009014739885335	0.025959463804162232	0.3485675971593505	0.02300990350269565	0.008628928877692524	0.35343571316374706	0.0028131155609550105	0.0366838039428636
TGATTCTGTCGCCGGT-1	0.08903579982979558	0.38287977722459304	0.2593066999315346	0.001668707340541345	0.010722282380786118	0.15754401077615648	0.029207601314538124	0.06963512120205474
GGGCGGCAAATGAATT-1	0.13016082059459114	0.25807041340870807	0.22560435284641997	0.031137226698641798	0.010240089686443729	0.3003885510436189	0.02369370234713678	0.020704843374439726
TTCCAATCTGGCTATC-1	0.010064247209394413	0.4317008788283276	0.33161803824725133	0.001134899213667587	0.008176845045012175	0.19889550648937743	0.009341497660388626	0.00906808730658097
GGAACCGTGTAAATTG-1	0.08491521951685095	0.572989843025585	0.22859361695348418	0.028751551983297936	0.031360230521966626	0.032755881224395635	0.012069388699025086	0.008564268075394515
TTGGTCACACTCGTAA-1	0.011885087608971185	0.573027296810128	0.19097073162679806	0.0014350343077745304	0.007786284420120859	0.14253425770939612	0.01111468384102532	0.06124662367578609
CGAACCCGCATGCGTC-1	0.011015709182424975	0.7185426464212915	0.19160354199951382	0.001310464787111681	0.016254207559109564	0.021041147943570315	0.020019603381791335	0.02021267872518694
GGGCGTCACCACGTAA-1	0.010790539515011112	0.7434199070544572	0.18772531540193774	0.001371811474984205	0.005635384067514745	0.019257736821880752	0.020682425166877873	0.011116880497336551
TACCAGAAGTAGGTTC-1	0.0409718934840377	0.6372783647052358	0.13261277710946148	0.0011648496256622977	0.022562027325067263	0.12185594855861856	0.037607684877837715	0.005946454314079145
TTGGATATCGTCTACG-1	0.02308631154434746	0.5404789270678542	0.37989748690418856	0.009100388242205737	0.007420644600352508	0.01855323726976798	0.013199809550697326	0.00826319482058641
TAGATATGGACTGGAA-1	0.021140366397909383	0.5496319364744321	0.22068405055214954	0.08934811492183453	0.011207001825368395	0.09206859641610404	0.007277793409388441	0.008642140002813587
GCGACGATAGTTGTAC-1	0.09304787913425483	0.4106298672413868	0.19629104455979324	0.03546544067330954	0.006635223770076637	0.1615182233767075	0.08862974437700512	0.007782576867466374
CTGGATTTACACTTGA-1	0.06174975430868017	0.4023279520738917	0.2701935046797829	0.08269755320662235	0.006736086075753215	0.056021795601270255	0.00573278717036662	0.11454056688363265
GTTATATTATCTCCCT-1	0.0320200758310299	0.4168451610884497	0.22465949235236163	0.04526143700746842	0.009565911553022307	0.22524547993168595	0.03361306130487359	0.012789380931108593
TATTCCACTCAGCTCG-1	0.007480525835369221	0.7944403306612291	0.11486321865084977	0.06004176596636272	0.003742637049158686	0.01221070790949387	0.003436825189501106	0.0037839887380356043
CTGTTACCCAATCTAG-1	0.010488158050984636	0.4150057296852489	0.3138221769404506	0.04594128549661468	0.007540300745793613	0.1888266271955753	0.009431990538785042	0.008943731346547206
ACGCGAAGTCAGACGA-1	0.009292177333167314	0.2978813248934796	0.2614033579201665	0.07677787765601933	0.009967026286096168	0.32730869558885506	0.007177254798879556	0.010192285523336404
GATAGGTAACGTTGAC-1	0.12195667447124137	0.26901800110051755	0.26385414782330335	0.12365176775839767	0.009736780172525142	0.1830176324387024	0.01715088407545011	0.011614112159862428
TGTTCGTATTGCGGTG-1	0.009137850846065915	0.2865008638470338	0.42199902101192893	0.0775895250413094	0.018136326299163716	0.1568363353832388	0.017972489368426617	0.011827588202832924
GGTCAGTGGGTCCCAC-1	0.046816410597707754	0.27165501531005076	0.167201258622313	0.041934540299773775	0.05158965359445095	0.33148527341641154	0.07846828326744702	0.010849564891845232
AATTCTAGAGTTAGGC-1	0.11329444736653521	0.2991744880714474	0.20038150959656398	0.061527843971014705	0.010604914745166566	0.27664784620088656	0.018454997996140386	0.019913952052245297
GTTTACGTTCCATCTG-1	0.1909314896296654	0.046624449291484356	0.200519943048782	0.06851534061637157	0.010064822817332852	0.43666221422582624	0.003681024909679255	0.043000715460858145
AGACCCACCGCTGATC-1	0.1114870248921646	0.028139331347737048	0.47448123313798585	0.04775346325361202	0.008563056010549023	0.1985708266148619	0.02806761593198772	0.10293744881110187
TCTAGCATGCCCAGAA-1	0.10378180980060123	0.030171600234368046	0.5101583475687383	0.08444489196268588	0.009681803691193938	0.24507055767127095	0.003692933491606397	0.012998055579535225
CCCGCAGCGCGAACTA-1	0.08394705928803926	0.03733172162939364	0.477090931894814	0.09837457283102151	0.0876028953856185	0.056954672092357876	0.09680722186326417	0.06189092501549113
CTCTATTTGGCTGCAG-1	0.012292468065209493	0.04635213820785709	0.4676453011284039	0.02171002461487097	0.20778885027551464	0.1387751530489223	0.09259154839333487	0.012844516265886818
TTCTGCCGCGCCTAGA-1	0.006606031008801725	0.051332737820521036	0.30078625832827455	0.002966634137195227	0.3391601182856311	0.07792218085395852	0.1743443618028368	0.046881677762781
ACTCCCTAGAATAGTA-1	0.09676677493496015	0.03148781407861395	0.5540491895820703	0.05556161741861489	0.08110802368562252	0.0464538994248812	0.07939508534815011	0.05517759552708695
CCGAACCTTCCCGGCC-1	0.09933845889758265	0.04045339298338924	0.3609276255060069	0.06571655712512044	0.07047827014710939	0.03704549888183455	0.20716969737986524	0.11887049907909153
TCAGACGCTATAGAAG-1	0.0860522561484823	0.04268150518475413	0.3149186622336217	0.08902023873111944	0.0451685345728522	0.02851648409364512	0.3228203320535491	0.07082198698197618
CAGGCGCCATGCTAGG-1	0.3454403014117628	0.026355762558810215	0.205993205701763	0.05916740987146081	0.033848467556574	0.03688212220375396	0.11971926535129546	0.1725934653445798
CACTCGAGCTGAACAA-1	0.16599297447246492	0.025245410213279428	0.4947217727668684	0.08685610810626766	0.007745892606983763	0.02919986645488613	0.10953802399433775	0.08069995138491191
ACAAGGAAATCCGCCC-1	0.22594786888470628	0.02116170724685662	0.32475375479442886	0.05747179746567054	0.006731230796406882	0.02340238815636735	0.20502238041708634	0.13550887223847724
ACCACGTGCAGCTATA-1	0.17886931861429306	0.027872227028191695	0.4073366309964433	0.018558306981045065	0.05272146151543299	0.03311265987328907	0.22865075929590056	0.05287863569540437
ACGGCGACGATGGGAA-1	0.14945339808436933	0.01973121860939137	0.36710151132113233	0.024352298762707187	0.007797696047680912	0.026869432043206517	0.13578666178884122	0.2689077833426711
ACAGGTGGAGGTGAGG-1	0.03127923881728686	0.049772787524654236	0.23834970585180304	0.002307021352591667	0.23688529647552858	0.06271266314648864	0.36208272515747336	0.016610561674173643
TGCGAGAATATTACCC-1	0.12836251925143236	0.03274379413106875	0.3763102628859141	0.01265552709410814	0.19456894854929593	0.06499573870366357	0.1641545855503088	0.026208623834208394
TTGCGTCGGCCAACCG-1	0.07375394787589235	0.03016176301766327	0.6727725419030594	0.014325706935534862	0.0963932564105291	0.07117611082161591	0.022226767286688712	0.019189905749016488
AGGCTTCCCGAAGAAG-1	0.10533100939645555	0.027092614914621786	0.5860244923406261	0.10504608484818817	0.009266255899832227	0.15048238036179432	0.00371408505495804	0.013043077183523683
GCGGACCGCGTTGTGG-1	0.38782912920110474	0.025710713278993266	0.32076016315533523	0.029520271716087246	0.007130584654039506	0.12026589586338307	0.003698758257960071	0.10508448387309677
GTAATCTGATTCTTCG-1	0.06423044380373724	0.03166400687096559	0.24882381369105896	0.11824678630825335	0.01165010269674186	0.5094893513550356	0.0029680879867809615	0.012927407287426378
CCGCGGAATGCGTCAC-1	0.10654008604825808	0.06712368887314195	0.2065273801889575	0.09247681818324385	0.01237929158347151	0.47743603164045734	0.023647096124950473	0.013869607357519314
TTCCACACAGATTTGA-1	0.015865255788923657	0.5207241088498575	0.20021527872812203	0.024748398590194166	0.009499361242405897	0.12421000597486996	0.010813395951733529	0.09392419487389325
CTTCTATTAATGCTAG-1	0.087665730178332	0.2622165485627805	0.3359149427157224	0.036285109597800604	0.0391086075897788	0.1845233807558782	0.028526009270774796	0.02575967132893268
CATTTGAGTGGTACGT-1	0.00879860736376532	0.8281176868040263	0.08500960962212684	0.0013812215647927251	0.0036359645963834806	0.011080863326651305	0.006160300898790906	0.05581574582346319
TCACAGCAAACTCGAA-1	0.007711253219062233	0.8659671818212192	0.07421116312631974	0.029027154010610918	0.0034151223217569605	0.010637099881253534	0.00422625713041814	0.004804768489359275
CAGACGAACCTGATAC-1	0.007345305163577706	0.7702554762791071	0.09806309181892829	0.00142394615116357	0.0034383313504063456	0.06945815811341892	0.04647030174969008	0.003545389373708118
TAGCTAGAAGGCATGA-1	0.05207910399514604	0.5253535309842196	0.1834091131701229	0.02530593956440057	0.041801947285999404	0.15122174465987864	0.013530569697883127	0.0072980506423499176
ATCCAGAGCAACAACC-1	0.06534549555939295	0.5686199279202454	0.2650552000391503	0.028803338434818276	0.02085763566230509	0.022381726350373873	0.022070122671261485	0.0068665533624525255
TCCGGTTCGTCCGGTC-1	0.0405371324868562	0.584761170889613	0.1660279971493349	0.001668609585137153	0.006754147546616808	0.1628561652252359	0.03050870781735495	0.006886069299851144
CGCGCATGTTTGATTG-1	0.014069922188539795	0.3798317726744283	0.24799175022119893	0.06625617183569697	0.05129388929071359	0.17920955876281797	0.02339253324721842	0.03795440177938609
TGGCGATCAAGTTATG-1	0.08771375375330881	0.35766213719379647	0.35509257170268166	0.016953060447428905	0.037980503025696596	0.08827655013969528	0.009330092087501619	0.046991331649890646
CCCTTTGACAGGTCTT-1	0.08651125902218725	0.424114047954186	0.22383742304356236	0.08766796135918592	0.02601634391593695	0.13548612137731497	0.006402318136743775	0.00996452519088286
CAGAGACGGTCACCCA-1	0.08983057079906824	0.24437837599062354	0.3903585877073347	0.022189992830371052	0.00800424452055764	0.17900828950036313	0.05547716393296773	0.01075277471871404
TAGCTCGCCTGATAAC-1	0.05196343194149716	0.22678101083884367	0.4113334146008586	0.0949431872531779	0.029273947128272006	0.1372297482671456	0.02983818354847933	0.01863707642172578
TTGTGTTTCCCGAAAG-1	0.010313033254889827	0.4637232941494587	0.3863911943644351	0.045424658480125314	0.04680587809255525	0.029323419459391556	0.00981951322152778	0.00819900897761653
TATACACAGACGCCTT-1	0.033753309391422674	0.25042455493323335	0.5047114661270665	0.05284830752252166	0.015305061652770024	0.07939632460305979	0.05177095261677769	0.01179002315314832
ACATTAGTTTATATCC-1	0.13392506091298392	0.28194854173506495	0.30092568180169627	0.07308857487794847	0.050019619499077767	0.07974345680498653	0.07114931561597666	0.009199748752265422
CCATCGCAGTTAAACT-1	0.14772384046808537	0.32938602682154333	0.23036282694680685	0.010690867610784884	0.008236963924153283	0.2022790387532491	0.012069224981389124	0.05925121049398812
AATTAGCGCTGCAGCG-1	0.37400366537536867	0.027142654389932307	0.14369620118951443	0.08208029004254098	0.007928537318785801	0.3015625620320598	0.0033565784188560326	0.06022951123294195
TCCGCTTATCCCATTA-1	0.18681691643881684	0.04631212810803263	0.27798108481525025	0.02749350408171535	0.012317264451503128	0.4229262778174078	0.012853294243787863	0.013299530043485996
GTTTGGGCTTGTGAGC-1	0.10841689625352195	0.02694347639361279	0.5795123420753345	0.08519377058678489	0.010211458107506068	0.13587119274589737	0.027646704594576504	0.026204159242765868
CTTGTCAACATTCGAG-1	0.23550487995236544	0.025643356520776987	0.566372741383043	0.05023766672082252	0.008067891437283068	0.09640209137522987	0.003781767582497073	0.013989605027982
GGACCAACAGGATAAC-1	0.07401585636653298	0.04016544638703728	0.13252361805421325	0.0018582118857746485	0.31466822926615023	0.1137713063391754	0.29726879744408014	0.025728534257036098
AAGCTAGATCGAGTAA-1	0.007214639360225685	0.04721343404926653	0.2243644060192649	0.0019773039520659926	0.3250657530607553	0.07463538546735503	0.30458509121576594	0.014943986875300661
TACCGTGCCTCGGACC-1	0.13356758480088105	0.031872614655262185	0.2813175570249956	0.07471954292407736	0.15865239571349135	0.060717768129575765	0.1751073156685856	0.08404522108313103
GTAGCCAAACATGGGA-1	0.18411240514361557	0.026429696343523008	0.4030489542046538	0.0016048347345080846	0.08292282744114711	0.03624609671247517	0.2174037955327181	0.048231389887359186
TGCCAGTACGTGGAGA-1	0.26592579451357773	0.03080398762290829	0.25653796931452616	0.07870595804597152	0.051288403180271454	0.07604816682504001	0.17971363954076477	0.060976080956939994
ATAAGGTGGAGAACAT-1	0.14044672049558327	0.03096304703892998	0.5138748798858916	0.08875712893338815	0.008726293401785351	0.033748098449304986	0.051838624902935504	0.13164520689218095
CTTTAATATTGGTCGA-1	0.06265773742321057	0.018843616440220826	0.4329550726502098	0.022438158608743146	0.006848554529501332	0.0526029412777268	0.2748422101648235	0.12881170890556407
TGGTTCAACGGGTAAT-1	0.11221538267982382	0.024750901287597594	0.3641762591651642	0.04262497323378834	0.056527665684616514	0.03321558626048367	0.2626013345275409	0.10388789716098497
GCTGCTACTGCGTAGC-1	0.16528949138281396	0.024149453859817503	0.44592647469924335	0.023943735218351397	0.029225945027369454	0.030737790016927447	0.1343615217351912	0.14636558806028555
CTGCACAACTACATAT-1	0.34995013100496214	0.024202724713623017	0.26588445203639766	0.0365302566930192	0.04596241872290964	0.029531046154597642	0.003927114797215772	0.244011855877275
CCACCAACTTTACTGT-1	0.01947943187851757	0.046210428724075776	0.16188615252801608	0.03467437704703881	0.2828156932842326	0.11942908348295363	0.31068089202740623	0.024823941027759325
AACTCTCAGTGTGCTC-1	0.04360102851037322	0.03650209497679462	0.5994794154037758	0.14630302858086341	0.03383597265828233	0.04399461012161331	0.07595030043310456	0.020333549315192836
AAACCGTTCGTCCAGG-1	0.10016694981024633	0.03310321375101449	0.7096582437240602	0.019143359670955463	0.010501509708295439	0.060588084237511476	0.034400143899796266	0.032438495198120414
CAGCGATTCCCTTCAA-1	0.3844336276332681	0.022595305129634556	0.37669115908613565	0.0020152000418405367	0.007498215024722114	0.11816967504123083	0.03162951058237164	0.0569673074607966
GCTAGCTTGAATAGCT-1	0.17917279760959434	0.028347306395740422	0.36500330615611454	0.000971914245574454	0.009718971325690181	0.39272987711245966	0.007321072075801937	0.01673475507902435
TTGCGGCATCAGAAAG-1	0.18109735518272943	0.07669817128967017	0.3209485933013175	0.003949519756652266	0.008645217470506639	0.35655377621508416	0.040506390686686225	0.011600976097353706
AATAGAACAGAGTGGC-1	0.05058058059368657	0.05519284409320059	0.2784822459502864	0.17565802985357998	0.013084143148963133	0.3842967379251486	0.023966905006481642	0.01873851342865299
GCCATCGAGCTGCGTG-1	0.0649042017921959	0.39767580969401295	0.3399417350026735	0.003466425224329983	0.012588363338367409	0.08253139834694087	0.040917709720372744	0.057974356881106685
ACACTGATCAAGGTGT-1	0.04902107949512443	0.32549297738161426	0.33675560979507774	0.026926082456778855	0.006525589622794111	0.17775170591391007	0.015998622638161614	0.061528332696538936
ACCAACGCTTATTTAT-1	0.11704086802137793	0.5803419331231214	0.16357393666697265	0.04408827731301644	0.004130551659097304	0.017051307927844303	0.004076120756445705	0.06969700453212412
GACATCGATTTATAAC-1	0.04081129504442233	0.711537543225526	0.13978010921210424	0.042137489486640055	0.0052395500528517325	0.016429335298857855	0.03376179159722343	0.010302886082374434
CAGACACCGATCGCTG-1	0.00675558665611352	0.830930676465469	0.047389628376210066	0.0013836511680397256	0.021530728646789114	0.0123035643952946	0.036472478999621125	0.043233685292462944
CCAAGAAAGTGGGCGA-1	0.007243936256960377	0.8322690572362318	0.06171545928882834	0.017783918799813163	0.0032868003712328694	0.07147752061134952	0.0033431393968332153	0.0028801680387507116
GGTAGACCGTTGGGCG-1	0.007990778603040106	0.7324629205450579	0.1732563161125644	0.05455880607982638	0.005253577582200504	0.015540519117479383	0.005095109735384882	0.005841972224446267
TCGTTAGGAGTCCCTA-1	0.08434744210855546	0.4935201319822587	0.23499433371362077	0.09999858251516033	0.006439659955906585	0.019993796469154723	0.007106678632173737	0.05359937462316958
ACGGCCAACATGGACT-1	0.008951594335359364	0.6735404737293391	0.11747496486188887	0.11286376288749936	0.0070067879326240045	0.06388003493677843	0.009089634287038907	0.00719274702947193
GTGAGTGGTACAACGC-1	0.09130391462925126	0.4538344750021269	0.2595249699424662	0.0013981792464873779	0.0556584312877513	0.08432354031627715	0.045906835533127674	0.008049654042512061
GAGACTTCGCGACCGA-1	0.03759644045344721	0.21781685968791087	0.2767625393367962	0.04629598194282493	0.010176702501263384	0.21915330369957245	0.08879602014617509	0.10340215223200999
GAAGTCAGTTGCACTA-1	0.0868810956539482	0.19649727624619662	0.3646608528328322	0.0014050843881151884	0.00957360121334827	0.2676498532899229	0.05952851066492272	0.013803725710713949
GTTTGGTAGGGTCAAC-1	0.053349046029328065	0.21845102113850318	0.37131708965142984	0.09787014572452687	0.012776446773403671	0.10437445969055169	0.006223122166525992	0.13563866882573064
ACGGCACTTGCTTGGG-1	0.04994150437471323	0.2055106546643921	0.28378225919108296	0.09015822036818537	0.011328754638629208	0.32195092258498065	0.02560054355339114	0.011727140624625328
CCTCTGTACTATTCTA-1	0.16160441544369805	0.19647675085093086	0.34593368833505816	0.026444768324410714	0.009180583714270182	0.22568655132290233	0.024454627832945018	0.01021861417578468
CTATTCATGTGTCCCA-1	0.08994743000232071	0.16806043907705215	0.3508788897549789	0.08291949310630506	0.010186125579045108	0.1918880914443098	0.004367249082973755	0.10175228195301447
GCCCGATCTGTGGTCG-1	0.2735153555936358	0.02622950022425867	0.5167312703850648	0.001355549979119119	0.007041882325970414	0.08997174253413548	0.017951442805085604	0.06720325615273001
TTAGAAGAACATGACT-1	0.18615972718065382	0.030813763109157587	0.5348308587206623	0.029731415393198478	0.008552281299908076	0.12524809537567352	0.0334049714510239	0.05125888746972251
AGGATAAAGTCGGGAT-1	0.06436188400663123	0.03991738187983632	0.21961887357217338	0.024284685870484737	0.2761397230269566	0.16455327494485897	0.19306561969790068	0.018058557001158083
CGGCAAACATCGTGCG-1	0.04124577224100965	0.03790471621321542	0.14588310270901733	0.02829975152856569	0.4065051143155849	0.10946835684369703	0.1986289132427493	0.03206427290616071
CTAGTTACAACCCGGT-1	0.18379491791907282	0.029045328848081683	0.3735548699400012	0.0675915525908713	0.14496646017915304	0.04980848372107088	0.07962802916447712	0.07161035763727182
TTCGACAGAGCCCGTG-1	0.1992238071568008	0.040976695251483265	0.3214838193607911	0.042121836061623764	0.12944927540693177	0.07191558943551339	0.1445264657075181	0.05030251161933776
AAGCATACTCTCCTGA-1	0.22748305029095	0.023881344848465186	0.30740763799704957	0.07144996500695981	0.02686588821297195	0.03071222885470353	0.02691009469162078	0.28528979009727923
GACGACGATCCGCGTT-1	0.21517954392523628	0.046734263599947104	0.3666851458077738	0.05038466989348296	0.07448048383216437	0.043895642126183076	0.08900792932826077	0.11363232148695168
GAGATGGGAGTCGACA-1	0.11292339162424817	0.030260569381541688	0.34360610395100233	0.057615322273055554	0.09321552099153303	0.041343420291916275	0.21815426517573389	0.1028814063109691
CAATATTCTTGACCTA-1	0.01930393832173701	0.05397109211710767	0.13417082768220123	0.061457282345131266	0.2603391687023972	0.12816433821108955	0.3276232386597835	0.014970113960552598
CGTTTGTGTAGAGGGT-1	0.07813313384348378	0.028514768185762013	0.6806505707311168	0.059931694487607136	0.038366382287799664	0.03794582068248738	0.06353311120229337	0.012924518579449835
CATAGCGTTGCCCACC-1	0.21620887789893378	0.0237567005625341	0.5783877711052824	0.04885404650896417	0.01601983538487684	0.033159221195743625	0.06731291462305893	0.01630063272060621
TGATACATTTAGCCGT-1	0.40403888642791025	0.039629958197814924	0.36485972132095656	0.0014184725871876102	0.006543244116107382	0.1557709535748575	0.016851362909299616	0.010887400865866165
TTCCGGCCTTGAGGCT-1	0.08036712629716929	0.04309357766877692	0.296306880060685	0.15131789558118736	0.012948455365654796	0.3891994997041908	0.013147705377830504	0.013618859944505108
CCTATACCGTCCTGTC-1	0.15439085243492812	0.16614657705529406	0.19028354908445375	0.13018751016129398	0.010307174717123727	0.32737468148454746	0.008581574645392597	0.012728080416966395
TCGTTGCTATCCGGTC-1	0.019963624713211395	0.5695714123291666	0.19238854095984334	0.0013432883981214913	0.007549530945438834	0.17171905422070857	0.024086572067360507	0.013377976366149373
TGGCGACTGCTCCAAA-1	0.024795236210350978	0.3684250241272051	0.4353816982299303	0.0023768923799008545	0.010718818210466509	0.11923115504621479	0.029425554542392204	0.009645621253539348
CAGAGGCGATGCATGA-1	0.007198823219824699	0.3694915379481195	0.401498737251234	0.0009674119613153779	0.06862510720418388	0.133096236724475	0.006001215830626266	0.013120929860221309
TCACAGGAGAATAAGA-1	0.12693330933253733	0.24984426919246433	0.43607656555528673	0.05284915500180648	0.022519010953533477	0.03066817062725386	0.028150829502168313	0.05295868983494955
GGGTTAACATTTGAGT-1	0.03370146016926058	0.6379545338175684	0.16047401337565537	0.06156173779230135	0.005749630475295782	0.09028736134714099	0.003583620026733178	0.0066876429960444255
GCGGGCGAGCCTTACC-1	0.02228744186911092	0.4886566671696953	0.2413541273434599	0.05180978568781003	0.011364215574068576	0.17373908109116104	0.003871431619704591	0.006917249644989755
TGCCAATGGGTACTCT-1	0.011594625441627145	0.7585052248451155	0.0815883547902245	0.11322104280407053	0.006760037241637737	0.016153969383953505	0.008311185496922287	0.003865559996448765
AGGGACTCTACGCGAC-1	0.006800686055332332	0.7080854418381286	0.1491477328168761	0.035390900343267404	0.004169248338288961	0.08911734269326974	0.003013902618440061	0.004274745296396824
GACGCCGTAAAGGCTA-1	0.037895692003558606	0.7364523205557773	0.19233072123982906	0.00631933018505425	0.003978975701466273	0.011562870061843896	0.00770558834602661	0.003754501906443966
AAAGGCTCTCGCGCCG-1	0.01955451429275396	0.39415088831045614	0.3913157840004809	0.014184047287379535	0.008756296605006738	0.08534412775980099	0.07140680493403277	0.015287536810089047
CTGGCTGGTTGTCAGT-1	0.05670875315339267	0.22105332427135838	0.4292709326856206	0.07509755049205591	0.010859291062379874	0.18286456300640538	0.006481386370762902	0.017664198958024246
ACATCCCGGCCATACG-1	0.08229709858142549	0.2937370994064558	0.27728617216109186	0.07996329815364837	0.018207081738509035	0.2305344656459999	0.007551236344635431	0.01042354796823427
CTCTTGTCCCGCTTGG-1	0.00990602962081534	0.1904584223786788	0.49014601230726856	0.013848649375838452	0.015183799467205612	0.22366787205995944	0.043030609733531205	0.013758605056702539
TACGCCTCCATTCCGA-1	0.21860303975194914	0.04323791850671996	0.16486939899243871	0.212862886163084	0.012258588135553304	0.33230261438460623	0.0039254612032898735	0.011940092862358741
CGGAGCAATTTAATCG-1	0.09775734364492923	0.0654584125714026	0.33708446649309187	0.04627520016837196	0.04414054965782259	0.3868470156917447	0.00779572972308681	0.014641282049550258
AACTAGGCTTGGGTGT-1	0.23196705689273878	0.029525375670135842	0.5918528970477851	0.052626565382214975	0.007631364703100639	0.06476406051797792	0.007751329571751253	0.013881350214295351
GCGTCGCCAGGGTGAT-1	0.21958160189024065	0.026110041692957102	0.5776866053845936	0.029076453483015824	0.008590120484404721	0.12002453802400549	0.003694736586784941	0.01523590245399762
GTTGGTCATGCTATCC-1	0.027203629961381783	0.03768403721976324	0.22873209424459587	0.0014895093071515886	0.37085868397710986	0.11275156116781877	0.1957207468287815	0.025559737293397385
GCTGGCGGCGCATGCT-1	0.023222131363359266	0.04665274578546034	0.1790917918250501	0.05570092804894438	0.2693405208272917	0.11023056517813128	0.3002708739760065	0.015490442995756368
TGAGCGGAAAGTGTTC-1	0.15530739373513447	0.03867717626418892	0.2863279945301313	0.23066753335952775	0.1279903253258176	0.047380590293931	0.09971943070485449	0.013929555786414425
CTTTCTGTGCGGGCTT-1	0.12845199101621568	0.02962818225209998	0.4255349199208443	0.05395270518135958	0.1508567789836915	0.07144601254028347	0.044913180675853044	0.09521622942965234
ATCTAATATCCTACGG-1	0.14373510130924916	0.03420886159237125	0.4628190123309266	0.10613168201946885	0.09452059811159297	0.05245453661579277	0.09102266600887578	0.015107542011722687
AACCTTTAAATACGGT-1	0.34772898082742926	0.03431255599842013	0.2641661260805557	0.040532611015518444	0.03558184693319804	0.06799714241318645	0.14970124518584113	0.059979491545851
ACCCTATGCCATATCG-1	0.02744807135358155	0.03925517975613031	0.2060269153049011	0.0014519439232258471	0.4102499433774566	0.142571450025781	0.10259619748956474	0.07040029876935887
GTGGTATAGTCTGCCG-1	0.042239856247061745	0.029017259065972942	0.5941205369806289	0.1496212372172573	0.09640801704038722	0.051090637229141235	0.01748274257311844	0.02001971364643212
CCGGTTTGTAATTGTG-1	0.33777853765505117	0.024917266213895034	0.5010748881663953	0.07889710946057599	0.008053728860430232	0.03031475455249428	0.0038886136857793382	0.015075101405378512
GTCGCCGTTGTGTGTT-1	0.20069017001111625	0.04694253212818232	0.45795988212587635	0.04822200542828456	0.008545192316240267	0.22053721812657007	0.00524598890527196	0.011857010958458097
TACTGAACAGATTTAG-1	0.18206922626092584	0.03098580406406652	0.4360647852336793	0.08918197957471997	0.027577399487423188	0.213859257890905	0.0037603691647674587	0.016501178323512767
TATTAACCTGACCGCG-1	0.15891705334466688	0.029036727176396403	0.4161254288376909	0.050150683514167675	0.009437293508152438	0.3077541286834306	0.015116444076166073	0.013462240859328995
CTGTAGCCATCTCACT-1	0.20806174430700744	0.09813021588633881	0.23710579376559338	0.1800295121770688	0.01000819422031589	0.2512335344357664	0.0047928571550670054	0.010638148052842229
TACTATGGTTCCTCAG-1	0.35569081036459405	0.07283633415315739	0.12862146237726063	0.19192568830150492	0.009185551757053831	0.22649966801065374	0.004246455600467221	0.010994029435308332
GAGTCAGACCAGAATC-1	0.060264515478686186	0.469114329852544	0.1812450346638805	0.013248206665117206	0.006625361730416107	0.25330736688394995	0.006708040797366592	0.009487143928039711
TAAGGCATAACATCAA-1	0.13793466793417195	0.2993500658866347	0.335801835851844	0.0013072765837071594	0.025040024366829908	0.186309027949621	0.00441016468878936	0.00984693673840199
GGTCGGTCGTCCACAG-1	0.02608919370807597	0.29201321387546264	0.2477378555436252	0.0779891343487131	0.014559391882202104	0.2923863892501809	0.03545919472501495	0.013765626666725244
GGGACCCGTATATCTT-1	0.008899876174050272	0.45283319064728256	0.3595070875944389	0.001182962795763822	0.008257188875602594	0.13410060217314454	0.02399120116503769	0.011227890574679511
GAAAGCAGTGCACTTT-1	0.010813763797385021	0.4800863555268969	0.20111384651769923	0.009975030311814702	0.008071481740258261	0.26056815679732426	0.020440085785667802	0.008931279522953816
AGCGCATAATGAATCG-1	0.00962979497039615	0.6294138514149251	0.18771585411244227	0.0012799985427194684	0.0061934927653919435	0.09846918568262186	0.06037931670829895	0.006918505803204089
GCTGCTAAGTAGTCGA-1	0.037068204123212135	0.7083072353139256	0.17447877485031416	0.008552074750801036	0.006473729758680686	0.01897341830484532	0.03831795663899438	0.007828606259226671
AATAGTCCGTCCCGAC-1	0.14217306424814158	0.13566951804566005	0.20483667983911266	0.08944555441220146	0.010781988487945966	0.4009655269037446	0.0052217547515888	0.010905913311604705
AGCAGCCAGATGAATA-1	0.1284335502223411	0.22085039943949572	0.2216322664868498	0.020023691578955137	0.009753555989262225	0.3209443136722629	0.06290542629672179	0.015456796314111305
CCTCGCGCTGTGCGAT-1	0.260646042643142	0.02576724076361075	0.17285671654377863	0.07765282469977873	0.008718141897606467	0.3364829823393542	0.003025668248557736	0.11485038286417136
TTGTGTATGCCACCAA-1	0.12357310099327397	0.025310815500382316	0.5509099459027248	0.04704051970333188	0.00875323703584074	0.17722944777948163	0.05268064161841364	0.014502291466550974
TGCTCGGCGAAACCCA-1	0.05302338020448348	0.026310213653247653	0.7246960240658902	0.04389550315815709	0.047557381982014264	0.06909743134084677	0.01593840802216715	0.01948165757319354
CGATTAAATATCTCCT-1	0.05771492511124067	0.03422772356934415	0.5345282111330898	0.15389603213866856	0.043662361234366696	0.04937982102670626	0.11087533725725768	0.015715588529326245
TGCCGTGGATCGTCCT-1	0.006854657791111874	0.04148658200429876	0.20839751306847518	0.0016605244357163983	0.3461761610968666	0.07786450735985102	0.2853801662350664	0.03217988800861367
GTGGACGCATTTGTCC-1	0.04233570166257996	0.046984966919003494	0.16923366994119557	0.03141252592465578	0.29287533781894576	0.06908660484882294	0.3337580200912314	0.014313172793565098
ACCCGGAAACTCCCAG-1	0.22783816136607168	0.027282629747966615	0.3459909744828418	0.16278428970248487	0.05848455872701883	0.060112025419687194	0.10217716598845489	0.01533019456547422
CCGCATGTGGTACGAT-1	0.1265426993613902	0.0412263061721766	0.3740606810968384	0.2245054285378912	0.07225499390945707	0.06895374125322758	0.07969622572333573	0.01275992394568329
ATTCACTGATGTTGGA-1	0.0726319384464355	0.03082460079170443	0.31342648399261097	0.0752072469906418	0.15265996988933456	0.1163157723289267	0.22352327977944147	0.015410707780904503
TCCTAAATTGGGAAGC-1	0.11113901887523463	0.1423345125661545	0.32312747318447643	0.016732325539230694	0.0694552104174425	0.14676370249202497	0.11469403730564805	0.07575371961978805
GAACAGATTACTAAAT-1	0.12548950783087795	0.07363583542293235	0.38848481918563355	0.07608114468869415	0.0891202843006229	0.15555756822340067	0.04919775544935255	0.04243308489848601
CGATTCGCCTGGCTGC-1	0.15101022674520104	0.09081464505252906	0.34942136695858894	0.09504021572088556	0.08391235652071762	0.04219840546870325	0.15678918584415175	0.030813597689222847
ACTATTTCCGGGCCCA-1	0.05321275981220014	0.05795745497058732	0.16725859057671616	0.025669137289262862	0.1177303141805153	0.04248513607561991	0.5213552818157553	0.014331325279342996
TTGTTTCACATCCAGG-1	0.12387277790545395	0.026921660415097855	0.6023696324109203	0.042476940731302565	0.05481814782246672	0.07578095988490892	0.03602999494874575	0.03772988588110384
CGCTGTGTGGATGTTG-1	0.18693827749143502	0.020848625520185737	0.5921099221210736	0.04977377449570083	0.01017477096181796	0.03488377565493148	0.0032087274142119614	0.10206212634064343
TCAACATAGCGCCCTA-1	0.29096767075317986	0.028447068889054336	0.44713784591331013	0.0012932339565973128	0.00797900737383693	0.20642578798130443	0.0037166344199864995	0.014032750712730403
GGCCGTTTGGGTTTCA-1	0.2978185796853746	0.028750069742089754	0.39943487222679286	0.01577771429762073	0.008401230271625416	0.2026794234134766	0.0036926559361418823	0.04344545442687815
TACTCTTTCGTCTTCA-1	0.1338337571533978	0.03265885820073807	0.22465392467673356	0.09702446201835	0.011381564400567154	0.4745916696905466	0.012830929377023662	0.013024834482643102
TTCGCGCGCCATACGA-1	0.04560082598518452	0.08063530831153648	0.3613909164768883	0.050900673765734546	0.013785785888778624	0.33334580812616105	0.03128456769718955	0.083056113748527
CGGAAAGAATCAAACG-1	0.39528302475772353	0.04318917811997176	0.17374044591962423	0.0418926759695573	0.007858939258472915	0.2962335071728741	0.007671462101133181	0.03413076670064309
AGGCAGGGAGCGTACT-1	0.026345614443346422	0.07702368785588398	0.3739164167118635	0.09966132327956127	0.015929553781097797	0.3063995154717885	0.004977849237519183	0.09574603921893926
CCTTTAAGGGAGCACT-1	0.06486572367303924	0.2505865999360867	0.3238655897936495	0.06743640200248975	0.05116118534450354	0.22093685790495812	0.004705769236929513	0.01644187210834361
CGCCCAGCACGCCTAG-1	0.16538537579858048	0.040985563414437	0.351119459993728	0.09053459679178429	0.009547158199676989	0.26204779934294004	0.017721385319173825	0.06265866113967943
TATCCGCACCGTCGGG-1	0.2278356309013403	0.04032286543436293	0.19878138083382513	0.021543494257393617	0.00937281452091208	0.44238129414753985	0.01818181605525778	0.041580703849368225
ACCCGTGTCATCAGTA-1	0.009976436903978899	0.44884545743449766	0.3704428846108227	0.03720842290364024	0.009890449274180231	0.10110579610456885	0.009739336344403198	0.012791216423908206
CAACTGCTCATCCGAT-1	0.1675931823183337	0.041451685372820055	0.299931164449597	0.048453416369851954	0.010211742252753075	0.4101634663519289	0.008453557361746319	0.01374178552296892
CCGGAGCGTACTTTCT-1	0.08836733399473255	0.08719301927147269	0.2116418377308027	0.014093943374402375	0.01057232098278433	0.5682494619008269	0.0068401534568198015	0.013041929288158668
TACCGTAGGTTAACTA-1	0.19155877614740638	0.02674881554559102	0.47634668597279195	0.050461074516834424	0.009883110688102137	0.20225691107212226	0.026392734053012776	0.016351892004139085
TGAGGAGTGCCAGCTT-1	0.19731572144245732	0.032131188902930326	0.26515806729657476	0.17266171981199183	0.010398199664593207	0.3064498431845716	0.0036854753329334925	0.012199784363947449
CCAGTCTTGTCATAGA-1	0.308546682912354	0.027386411716719312	0.5379065386499051	0.0013346542466378718	0.03354025764950296	0.034718674849826076	0.004281273066005448	0.05228550690904929
GGGCAGAGCAATCGTT-1	0.16222280384181348	0.024891174688836223	0.61140255262686	0.03709118910394667	0.007727676496117879	0.14057062048033095	0.003639475655028314	0.012454507107066493
TACCAAATAGCCCAGA-1	0.00728995147751051	0.047957651405322356	0.16974030046057723	0.002032237788745642	0.36575275934203544	0.13471395801124186	0.25648106513613	0.01603207637843698
TACCTACTCCCAGTAT-1	0.006520992315116318	0.034012204994460726	0.2566927946064014	0.014091264377065515	0.3642024687049506	0.14821600313025166	0.15974139494748554	0.016522876924268202
TGTGAGACTAGCCCAA-1	0.03719568559055129	0.0410412503727489	0.39344394711752345	0.08006229582574219	0.1568167124477473	0.05270923619016488	0.22436145621684694	0.01436941623867491
ATACCTAACCAAGAAA-1	0.1781761030185814	0.03439339583706751	0.4199123759639996	0.09628350038665023	0.11338724804687768	0.04356470343165284	0.10181322676042755	0.012469446554743113
GTCGGGAAGCAGAAAC-1	0.04780197399175108	0.04063628689212285	0.4494821581780187	0.276684180656519	0.0356656001467531	0.04507258848654534	0.0161435208302181	0.08851369081807182
ACGTTCGTTCAGGAAA-1	0.06158571731548836	0.024575718761671736	0.7491688421857547	0.00887465130797893	0.04791132414828005	0.04174507682636183	0.049841484959275255	0.0162971844951891
TTAGAATAAGGGTCGG-1	0.08846857126550757	0.024728944362254493	0.6647830878835725	0.02486252835491707	0.07398289901234148	0.04747199565522832	0.005848536819998978	0.06985343664617948
TTCTAGAAAGTCTTAT-1	0.10117538616804471	0.02130181532960062	0.65202632516307	0.05499160181341496	0.008541713075332448	0.14506339503928523	0.0032356614708901133	0.013664101940361948
CCTTCAGTTAAAGTGA-1	0.18979783216830576	0.029066512986832372	0.5124842068871965	0.028401111959076634	0.008131376422608309	0.02995517545381809	0.18701173065558613	0.01515205346657618
TAGCTAGTGATGATGG-1	0.19284911328895588	0.02837110111972067	0.29889045939794673	0.09665866662254967	0.009384142037603791	0.3558493182759916	0.005328657557889072	0.012668541699342666
AGCCCGGTAGCCTGTA-1	0.17888713280796625	0.021706436551287595	0.46987462824956533	0.0011111314428781899	0.009325542316021807	0.29188484774490076	0.0027448462282223082	0.024465434659157712
TACCTCAGTTGTCTGT-1	0.23242253457372702	0.03556792545738646	0.2136672592660214	0.09030191982160786	0.009175347937073882	0.3303704524305233	0.003890127562603891	0.08460443295105623
GACGGGTTGGCCCGTA-1	0.19448796278456196	0.028677077791231693	0.3889218591441325	0.0008371389322046808	0.008194971121197877	0.3392457381452149	0.0033681265239186454	0.03626712555753745
GAAACCTATACAAATG-1	0.11901575917862002	0.026129331817225886	0.231078854119076	0.0449671186987927	0.009916570768153226	0.4824419417249159	0.002584431023748525	0.0838659926694677
TCCACCTCTAGCCTTT-1	0.25834910868945016	0.02225614736897777	0.37867758070349394	0.0014872884977236995	0.008676205299856537	0.2940387762510668	0.021232325790443873	0.015282567398987085
AAGACCCAACTGAACA-1	0.24134739253791163	0.026389950996284616	0.32280657201998414	0.027573321728346603	0.008101503767602837	0.3004702180673733	0.012898647464555183	0.0604123934179418
CATACACGGTTCCCAC-1	0.12441614204405574	0.02087705868367136	0.6353584877449215	0.04980170570692108	0.010567110764757536	0.13725444446409166	0.0029906974552480095	0.018734353136333072
ACTACGCGTTAGAATT-1	0.20073631084815766	0.024930808508278373	0.4777218229466778	0.07062144538156559	0.0077154865410162315	0.1368128592519053	0.052275930026897226	0.02918533649550183
CTTGGCCAAGCTGGGA-1	0.017839621211128844	0.03804274432514005	0.21100362283550916	0.041236848546717365	0.4051557586961045	0.08659918231953288	0.18480155160800174	0.015320670457865625
TTACCCTAGGGATTGG-1	0.055136753493265744	0.034465569237000594	0.6920091603176821	0.02322945890921772	0.06338116466416673	0.06452719623855059	0.04932395545456396	0.01792674168555261
TTCGCACTGTACGACA-1	0.04018280969809272	0.0486660003901741	0.175892532274634	0.04175990997411128	0.18050773461654906	0.0725941317949535	0.42535378465007123	0.015043096601414103
TAGGTGTTCCACAGAT-1	0.007007691795360483	0.03965039012545375	0.191210813352254	0.027988148123467893	0.29324433593287913	0.08894437225666327	0.32824440042109587	0.023709847992825613
GAAGCCTGCACATTCC-1	0.24799582751812907	0.027812268767506473	0.2972623370401334	0.100838532965817	0.08245051843406066	0.03525086034726615	0.16356546455106144	0.044824190376025794
GGCTTTCAATAAGGGT-1	0.363762206511097	0.026409581995717524	0.2652467817830472	0.04748034641646367	0.027229443602024346	0.0263621745635705	0.06742278992639072	0.17608667520168902
TCCAGGGTATATACGA-1	0.23634977348767272	0.029229814241896995	0.22282014635482977	0.08391416544132618	0.0579286915572743	0.03276538994539699	0.08981643805091165	0.2471755809206914
CTCGCCGAATGTAGGG-1	0.22543129292706743	0.027050211272825357	0.317255239174586	0.02112125149198928	0.054148795393048434	0.035035481419324804	0.06507341301063234	0.2548843153105264
TCCTAACCGTCGGGCA-1	0.05531407795232169	0.03835681762703664	0.3460380129198876	0.03892866138927495	0.22885452703961587	0.0957203889665692	0.18351689789627693	0.013270616209017237
ACGCAAACTAATAGAT-1	0.007469538063929245	0.03951456555920012	0.12010710086303582	0.0015183136137642572	0.5539512908491926	0.1072928135943567	0.139888585152049	0.030257792304472238
AAGTGAGTCGGGTTTA-1	0.12943100821844605	0.0244235481398368	0.707702338087574	0.04710103096289981	0.008961805955279647	0.044473901164008456	0.022077753619164326	0.015828613852790916
TAAAGCGGTATTTCCA-1	0.05210495600157952	0.03530901966519262	0.6006289220985852	0.13465431743125678	0.042072264416018065	0.042006590716898745	0.07625325134106348	0.01697067832940568
CTCCTCCAGCTCACAC-1	0.20899547091342002	0.02862981842794528	0.44111141135394105	0.12347498355894188	0.009989510521921279	0.07253168857708564	0.0038439694531413444	0.11142314719360356
CGGTCCGTCGCAAGCC-1	0.05819433710966477	0.026925479208677494	0.7273216674967934	0.02700796805658879	0.0852669177906929	0.0444630547380286	0.01671109451363407	0.014109481085919992
CCTATATTTGTCCTGG-1	0.15611760650157516	0.025679516466314004	0.639097179084083	0.056327087785183846	0.009830509659446035	0.07644118066192006	0.004449359117595209	0.03205756072388274
TCCAATAAAGGCTACC-1	0.08035921694309685	0.035002200117218094	0.5404054603586265	0.038071649907491754	0.11943044936390504	0.07373325856391348	0.0956112804479485	0.017386484297799935
AAAGGCTACGGACCAT-1	0.2329151427401508	0.03310957363758003	0.5535905726246927	0.022178531428191615	0.00853133085939761	0.04535461496842202	0.08842588897203155	0.015894344769533747
CGTGACCAGTCCTCTG-1	0.021617216918086605	0.045297184740696314	0.15562856523829857	0.03514597502054402	0.4276353652592717	0.14473377926537712	0.15456988481354988	0.015372028744175932
GATCTGCTATCTAAGG-1	0.006681150784698198	0.03359419614869572	0.20227948337859536	0.0011180226863545394	0.40072991703294397	0.15242085372621741	0.1871389321175839	0.016037444124910896
CGAATGACGCATAATG-1	0.1630377405731546	0.0376159027626005	0.40792880961473954	0.06096866250375676	0.1316935205180801	0.05032646974174847	0.13259567689485627	0.015833217391063734
GCTCAATGTAATACCG-1	0.033011781768821725	0.04486519536929126	0.4443133567405637	0.030824439655738337	0.13403182790931442	0.0835049234372236	0.1491974576737341	0.08025101744531293
CTATGCCCGAATGCAA-1	0.1424427979743923	0.03561493739781478	0.30078143979669997	0.06421409564809756	0.1133544706966154	0.04098851738445865	0.2893413039015393	0.013262437200382162
CACAGGGCCGTTGTCA-1	0.10195706908068324	0.03967552859788551	0.3735931669953391	0.144763525924407	0.09267512918117099	0.04435317469374458	0.18796546725834434	0.015016938268425222
TCAATACGCCGTCATG-1	0.24430595350703904	0.04585151413120336	0.23672859536543892	0.11979797441307442	0.1133432222131883	0.04687617159283441	0.1772803869835565	0.015816181793665195
AGCGGACACTTCGTAG-1	0.15097802661574003	0.025180976826325474	0.2505918515201332	0.05562850447755567	0.06312834788252537	0.03215639680523929	0.24378166245058933	0.1785542334218916
GAGTAGATACTAGTTG-1	0.22631896648518124	0.031454205128190436	0.24831552260312564	0.07468374924347708	0.11039333217317715	0.03966357115165898	0.14611957680999435	0.1230510764051949
TATAGAGTCGCTTGAA-1	0.02685170443930773	0.049691083123037265	0.2360477640251641	0.021796877699827934	0.17505350671651027	0.05283682916008471	0.4223648836757258	0.01535735116034229
ATGTTGTAGTCTGTTT-1	0.13994029025629529	0.03854509897095212	0.24625557413759194	0.17341447574004945	0.16090164746666183	0.05029902970864643	0.17613939264667383	0.014504491073129174
AGTATACACAGCGACA-1	0.04930965640145455	0.058458116339144856	0.15263323711853463	0.013784866503312078	0.35904674924518193	0.08060638556922461	0.27069465418127975	0.01546633464186767
TGTGGTTGCTAAAGCT-1	0.016957094138013048	0.055824828744523144	0.2799062678236905	0.03854017381713623	0.1167022419298712	0.04695184983077385	0.4277447688651054	0.017372774850886653
TGATTCCCGGTTACCT-1	0.021831678568235268	0.038395223496318825	0.132662669549872	0.0351372194416791	0.37615449048307076	0.1747617374046278	0.20657263683876226	0.014484344217433973
CACTGACGATTGTGGA-1	0.007657397677836605	0.06075917564736858	0.1381534493581804	0.0028134077485419563	0.15335867677553117	0.05926170562761191	0.5628310168064831	0.015165170358446247
AACATTGTGACTCGAG-1	0.007327707421772092	0.04153623294488042	0.14204639580875877	0.015406037181074993	0.40178221145703213	0.16176611694160797	0.21492798768600882	0.015207310558864911
GTCCAATATTTAGCCT-1	0.005974218929352712	0.04248654715631062	0.41215677239957527	0.0017603363511420782	0.16962751518898167	0.05590330810288244	0.27659874086944575	0.035492561002309644
GCTCTTTCCGCTAGTG-1	0.07105445630048214	0.05242165193243867	0.23419274612776095	0.012942196575343953	0.3018308690496739	0.08038407337643819	0.23197093492511925	0.015203071712742933
GGGTCAGGAGCTAGAT-1	0.2531500363512091	0.025398058403904987	0.32291571792341467	0.039665325195842586	0.04028375251195593	0.031398844469118406	0.05813866337823422	0.22904960176632
AGGTGGTGACCTTCGC-1	0.17691802094017617	0.024527886483040707	0.37628223680101425	0.01832805922474362	0.06673577925810387	0.03502058308574055	0.1490266653110444	0.15316076889613633
AGCCAAGCTTTGTGTC-1	0.1074400972761986	0.05049308827511465	0.27740418797380473	0.07920273053922035	0.09944691588289595	0.057618532408870375	0.29807402331089616	0.030320424332999266
TGTGGCGGGCTTCTGG-1	0.12192299917350181	0.03754051693150716	0.28084957412883804	0.07193794386281051	0.10781358549037101	0.040739507275810424	0.2581521604459214	0.08104371269123978
CGAGGGTATCCAGGTG-1	0.16533907199246772	0.04255600322786004	0.2541951963834548	0.13802144634160562	0.15305013095372125	0.05092084107465858	0.1814727346026041	0.014444575423627872
CGTTCAGACCCGCGAA-1	0.22735715369448933	0.040433372907221654	0.23354026616380985	0.10404091828763198	0.11194695782560507	0.04046881613504253	0.19104363963410445	0.05116887535209505
TGAATGAGTGTTTCCC-1	0.12088039248753703	0.03444066851969442	0.3464269859967318	0.025524603662748495	0.22671917792558616	0.06064944077166289	0.12936049732865645	0.055998233307382864
TTCACTTCCTAGAACG-1	0.19339129039802128	0.020268871158575598	0.3229285620746213	0.0320861458457004	0.0076808537860488775	0.02541607656468987	0.1121628589125776	0.2860653412597649
CGCTTAGTATTGATAC-1	0.10566182708309212	0.030553266802407306	0.5200582345145989	0.01892455158240357	0.15565069817442762	0.05411901045125375	0.10004416042579048	0.014988250966026354
AACGCGACCTTGGGCG-1	0.264183805240957	0.03181324324820582	0.2965457978781843	0.06627076712408779	0.007742934067242743	0.029826686223125103	0.06947025910995731	0.2341465071082399
GTGCACCAGCTTCAAC-1	0.19469934972876837	0.02250070021547154	0.43817905836487314	0.09084120807650707	0.07530985704943662	0.03956188317901462	0.003638590699979621	0.13526935268594906
TTCTATTAAACGCAGC-1	0.30892107425145465	0.04210147689622979	0.19219046257450004	0.04966177786960045	0.00717017363664786	0.023072705399142295	0.0519941030812219	0.3248882262912031
CATACTTCTTTCTCCG-1	0.2649535353874326	0.026926390638874198	0.26688543642001783	0.04672334717519147	0.007403889336435956	0.024305883143132367	0.09294779277853958	0.269853725120376
AGCCCGCAACAAGCAG-1	0.383826830043619	0.0257538473636807	0.15260540642447307	0.09040900311918379	0.03973063764977525	0.026132507985200643	0.09876548163826138	0.1827762857758061
TCGTACCGACGTCAAG-1	0.2056828118764755	0.022412331720595254	0.15623937433051893	0.04796411429522885	0.00676951669962236	0.03381888710545421	0.1634534167229641	0.36365954724914085
